Webots Project File version R2019b
perspectives: 000000ff00000000fd00000003000000000000000000000000fc0100000001fb0000001a0044006f00630075006d0065006e0074006100740069006f006e0000000000ffffffff0000006900ffffff00000001000002b100000297fc0200000001fb0000001400540065007800740045006400690074006f00720100000015000002970000008700ffffff00000003000006ba00000084fc0100000001fb0000000e0043006f006e0073006f006c00650100000000000006ba0000006900ffffff000004070000029700000001000000020000000100000008fc00000000
simulationViewPerspectives: 000000ff0000000100000002000001210000040c0100000002010000000100
sceneTreePerspectives: 000000ff000000010000000200000259000000fa0100000002010000000200
maximizedDockId: -1
centralWidgetVisible: 1
selectionDisabled: 0
viewpointLocked: 0
orthographicViewHeight: 1
textFiles: 2 "controllers/MainController/MainController.java" "controllers/MotionControllerOld/MotionControllerOld.java" "controllers/SensorControllerOld/SensorControllerOld.java"
renderingDevicePerspectives: NAO:CameraTop;1;1;0;0
renderingDevicePerspectives: NAO:CameraBottom;1;1;0.00131406;0.59736
