Webots Project File version R2019a
perspectives: 000000ff00000000fd00000003000000000000019600000440fc0100000002fb0000001a0044006f00630075006d0065006e0074006100740069006f006e0000000000ffffffff0000006900fffffffb0000001e00480074006d006c0052006f0062006f007400570069006e0064006f00770100000000000001960000006900ffffff00000001000001e700000398fc0200000001fb0000001400540065007800740045006400690074006f00720100000016000003980000008900ffffff00000003000005e8000000a6fc0100000001fb0000000e0043006f006e0073006f006c00650100000198000005e80000006900ffffff000003ff0000039800000001000000020000000100000008fc00000000
simulationViewPerspectives: 000000ff0000000100000002000000fb000003c10100000002010000000100
sceneTreePerspectives: 000000ff0000000100000002000002e8000000fa0100000002010000000200
maximizedDockId: -1
centralWidgetVisible: 1
selectionDisabled: 0
viewpointLocked: 0
orthographicViewHeight: 1
textFiles: 3 "controllers/MotionController/MotionController.java" "controllers/MyController/MyController.java" "../../Downloads/webots/projects/robots/softbank/nao/controllers/nao_demo/nao_demo.c" "controllers/SensorController/SensorController.java"
robotWindow: NAO(1)
renderingDevicePerspectives: NAO(1):CameraTop;1;0.266667;0;0
renderingDevicePerspectives: NAO:CameraBottom;1;0.266667;0;0
renderingDevicePerspectives: NAO:CameraTop;1;0.266667;0;0
renderingDevicePerspectives: NAO(1):CameraBottom;1;0.266667;0;0.775322
x3dExport-frustumCulling: true
x3dExport-shadowCascades: 0
x3dExport-shadowFilterSize: 0
x3dExport-shadowIntensity: 0.5
x3dExport-shadowMapSize: 2048
