Webots Project File version R2019b
perspectives: 000000ff00000000fd0000000300000000000002f7000003d0fc0100000002fb0000001e00480074006d006c0052006f0062006f007400570069006e0064006f00770000000000000002f70000000000000000fb0000001a0044006f00630075006d0065006e0074006100740069006f006e0000000000ffffffff0000006900ffffff000000010000007500000386fc0200000001fb0000001400540065007800740045006400690074006f00720100000016000003860000008900ffffff00000003000003bf000000b7fc0100000001fb0000000e0043006f006e0073006f006c00650100000000000003bf0000006900ffffff000003480000038600000001000000020000000100000008fc00000000
simulationViewPerspectives: 000000ff000000010000000200000000000003460100000002010000000100
sceneTreePerspectives: 000000ff0000000100000002000002ab000000fa0100000002010000000200
maximizedDockId: -1
centralWidgetVisible: 1
selectionDisabled: 0
viewpointLocked: 0
orthographicViewHeight: 1
textFiles: 1 "controllers/SensorController/SensorController.java" "controllers/CameraTest/CameraTest.java" "controllers/GyroController/GyroController.java" "controllers/WallStepController/WallStepController.java"
renderingDevicePerspectives: NAO:CameraBottom;1;0.266667;0;0.517606
renderingDevicePerspectives: NAO(1):CameraBottom;1;0.266667;0;0
renderingDevicePerspectives: NAO:CameraTop;1;0.266667;0;0
renderingDevicePerspectives: NAO(1):CameraTop;1;0.266667;0;0
x3dExport-frustumCulling: true
x3dExport-shadowBias: 0
x3dExport-shadowCascades: 0
x3dExport-shadowFilterSize: 0
x3dExport-shadowIntensity: 0.5
x3dExport-shadowMapSize: 2048
x3dExport-shadowRadius: 0
